Blade_root_flapwise_M_x: 53712.004236834415
Main_shaft_torsion_M_z: 8297.814074297978
Tower_base_fore_aft_M_x: 177960.81178076853
Tower_top_fore_aft_M_x: 27503.991433570787