Blade_root_flapwise_M_x: 54090.04453275
Main_shaft_torsion_M_z: 8120.02817835
Tower_base_fore_aft_M_x: 240185.2781584
Tower_top_fore_aft_M_x: 32455.30809549