Blade_root_flapwise_M_x: 55947.51688103
Main_shaft_torsion_M_z: 8666.03486098
Tower_base_fore_aft_M_x: 272254.66187459
Tower_top_fore_aft_M_x: 35610.23878321