Blade_root_flapwise_M_x: 56382.36866958
Main_shaft_torsion_M_z: 9028.51487294
Tower_base_fore_aft_M_x: 285238.32085601
Tower_top_fore_aft_M_x: 36818.61696774