Blade_root_flapwise_M_x: 33778.979660375946
Main_shaft_torsion_M_z: 2336.948436006775
Tower_base_fore_aft_M_x: 35683.903704269505
Tower_top_fore_aft_M_x: 7735.779001800674
