Blade_root_flapwise_M_x: 56235.3920558
Main_shaft_torsion_M_z: 8857.21624866
Tower_base_fore_aft_M_x: 279689.84576661
Tower_top_fore_aft_M_x: 36315.43670593