Blade_root_flapwise_M_x: 56464.49533738
Main_shaft_torsion_M_z: 9185.31418172
Tower_base_fore_aft_M_x: 289562.01076572
Tower_top_fore_aft_M_x: 37208.49182398