Blade_root_flapwise_M_x: 58300.9029898552
Main_shaft_torsion_M_z: 10264.290871436428
Tower_base_fore_aft_M_x: 250517.05541145714
Tower_top_fore_aft_M_x: 33476.64523113377