Blade_root_flapwise_M_x: 56433.283557396244
Main_shaft_torsion_M_z: 9518.128799700837
Tower_base_fore_aft_M_x: 222804.2288433953
Tower_top_fore_aft_M_x: 31069.001904885936