Blade_root_flapwise_M_x: 54932.55123181375
Main_shaft_torsion_M_z: 8269.96604365
Tower_base_fore_aft_M_x: 250653.22079983
Tower_top_fore_aft_M_x: 33645.43421497